W = [1 3 4;
    3 2 5;
    4 5 3];
x = [1;1;1];
x.'*W*x